-7.87449388056005
-7.07705164784635
2.85012054780556
0.340684411163774
-2.35600062927615
-5.10240443268453
-3.46078621617455
11.3881511375213
2.37244876042405
1.94908065864191
6.10618997882967
-0.802567072445075
1.91561736499194
2.53540199329787
-1.849858128088
-2.23827143952879
4.20808931828442
2.53917137366569
-3.46717622801633
15.1708056941306
-5.61116073585509
4.64464715718491
3.10795920236377
-12.5083584599009
0.2363231000951
0.871414704236249
3.01921297792456
-4.63128758922061
2.04126828081607
9.27185877484811
6.45567234451458
-1.08612127172184
-2.24469786692924
3.47789621329452
-6.88676880618338
10.4164125180019
-4.10353249382522
-1.31831534035572
3.67290126924682
4.13675610791278
9.88955900506292
7.59784996488207
2.81416695268251
1.97634631089045
4.24458852591744
2.22573138258391
0.832034421060108
-5.90068494877815
-0.402454722151716
-3.8158000749558
4.60762137538905
-4.85125123635913
9.80546761994662
3.1279251132228
-8.21862742299384
15.2896476094351
0.0525022989033388
-1.95159340563435
5.70456824272617
1.70687929515407
0.618949151729281
-0.809315772043857
1.81926823934713
5.89537457542108
0.812772713159447
-10.846732574953
-0.829850013587158
-6.66315046508726
-0.864631045001764
0.365669582060477
-5.79149454624324
2.0671768156566
-5.46612396948894
-7.39258203198297
-4.3204234977994
-5.17298257972697
3.16117719724323
2.66784305923181
-0.775867893003047
3.33839274254486
-3.19108346149807
4.87123046283212
-3.94526173373929
-7.86463370467262
-10.5425190216204
-8.89028525105617
0.995228396147556
2.24694579935926
1.58034809617088
-0.673656388685212
3.98099057917706
-2.06556481526515
-8.42211182619264
-1.70733398049159
4.4359692670581
4.90053240800506
2.8507528170374
11.7907452470379
-2.73926463929747
3.96722727008442
-7.30759469036192
-8.78244190861071
3.63575407878365
6.38715016105138
-2.10435289550423
-5.81845670739344
4.54507652808226
-8.17847067359508
0.620740348402212
3.94904298003471
0.0674137957138762
0.679234333405014
-1.98204359660687
-5.51960190812459
2.93481277503537
0.346245758106552
4.96762723271764
0.437238112003225
-1.85563306029568
-11.4185523371756
2.15296583754366
-2.96898341641266
-12.5558726443261
4.77040198796921
-2.1715560205065
7.747123698552
-5.51898512973924
2.22279498730516
-1.17163238566285
1.30818886134531
-5.57618871186541
-8.32445459847668
-1.32141267076793
-6.51291961571836
5.98273670245556
5.02757529663658
-0.499749926425855
-0.719740766680756
-0.593544169135234
-0.887686510953971
-1.97144447054568
1.69803096696317
1.32789924852381
1.02262631118392
0.561581014156018
2.02740718445019
3.79961828222828
-0.226734989725187
-3.22568535029978
3.87496680838968
-3.51217859291834
0.277784588844161
5.45680100267347
-1.88425687393227
-4.39280745342231
-1.38517227794666
7.66779168684008
-4.48076663453798
3.10830491094553
0.916320551566088
8.88947452723918
-4.9118664210171
-4.01209450581395
9.633063777104
9.22188890304324
6.94261476043876
-0.77731140082225
-0.323938804866477
-9.07948830073667
5.1963544534752
-5.6868523187994
-7.53828407855944
-0.117504603432349
-4.25029365997954
11.0128927556771
0.858973129702674
5.40424521441425
-0.0547153845455836
7.55077358902495
1.45560519158666
-9.9819640342448
-4.66157290449158
-2.02942079168508
-14.0599139417183
-3.82513501407763
2.74352530542884
-3.28910591047788
3.61624622769224
2.8202082798264
4.35069922092263
6.72609559551903
5.77716721574957
0.975078670209051
-0.399162590859467
-0.0194643074648043
5.16733129838522
3.18936627501677
5.18967643367777
-4.84460328754336
5.84800749882336
-9.3243049862946
-3.74953920278924
-13.1956644695848
-5.20467242902214
3.90859812827926
-6.57214537558016
-3.09641231622891
9.36841429297878
-3.42701048469913
-5.61287347429195
4.8132260652014
-0.27727437379059
-0.444541511827467
1.12231681613219
-9.6038593248513
-2.50807796152074
1.43598130905752
8.40869423967287
3.16844368268615
3.14184846632991
-1.35527050365192
5.31208195792654
-7.46590729249084
9.97440391104735
-1.10785429046899
6.09591622541985
-2.80433439072719
9.56318991130602
1.75954239948412
-9.52982600555644
-4.96791289277991
-4.02579486634775
-0.0125780278412711
-3.55424926827954
-2.55936270776779
-5.24088041333262
0.547385258244189
-1.30392846702947
-6.95749893795608
-6.43827921824909
-0.0896783170026431
8.74331540477053
-3.4927712752484
1.70166196580211
-2.87390686534572
2.32837847394806
-2.98697165831578
-0.644088703086156
-2.0746311000915
-8.05247643544464
2.01854592334415
-5.74025210726704
11.4217135699254
0.0940837598188906
-7.92754798559478
3.02468837037455
0.366126393851786
4.3981361914043
-9.00782030553245
-6.19934116838964
0.691298276001698
-3.9361118547373
-3.12037079539683
0.274175972462157
-0.39668110111564
3.73400299449859
10.279723419028
-4.26687208115153
-8.34094972787743
-3.61881152547862
7.29865002823365
-3.96899434460885
-1.56675310025691
2.53583195972359
-2.62114743560214
1.54317877187791
3.10320372589967
-3.45102479565429
-0.348671870256233
-1.48463215269626
-8.03560848910013
4.9745977994904
2.82769166818654
-2.5154439512568
-8.77514723331847
9.36679269415569
-1.79500764931855
-4.45025843199654
-2.33039902108478
1.91581377707534
1.97553941778793
-2.6748224846675
3.0622252962252
-0.381486576177498
-2.68430499452072
-3.44282532719916
-3.71045091186671
-0.985942999409995
6.65413434360524
-1.93663938469101
0.558612074429899
3.70683283556255
1.79562742564911
4.96645845718161
-4.70760805895416
-7.16203623745469
4.47972013691978
-3.86888133624038
0.412816609904389
8.96582129078823
5.8332830635778
7.5234080976919
-0.950079389136385
-0.429403683051099
-6.02157685955503
4.83971637193951
2.42162162044334
3.4684250991625
4.20641037259083
2.12213062968832
6.0794147923265
6.24364918457727
-1.32625779422711
-0.0435494470893499
-0.761172579003362
-0.584797745079466
3.27484895540513
-2.7797312297103
-1.69194046318423
1.47973358701237
0.830702146497865
-0.801685651126159
-3.35452194921536
-3.06010171717223
-3.4971180414293
1.39700785360377
-0.977684674813138
-6.33123268703933
0.540754498503662
-5.83822756808474
6.46714321414787
2.60185550713238
5.39167843953686
-10.8563121454754
-3.04271129081964
-3.11070666146448
-0.295858304616039
-1.85918338905682
-3.35173266638016
-10.5627251192708
5.68526900179516
8.70899146270023
2.96648365959434
8.04977676200562
4.38260285895605
-5.06059170007114
9.69349876425497
4.91666820029646
1.50828161177291
-5.25117504014533
-2.56473349615849
11.8801119188768
0.299903757068742
-1.42177853247872
-1.1330393993131
-0.676807178808596
1.02852315859729
3.47991760013609
4.04930556602766
-2.61647342742441
-5.52801918189215
3.69979881009648
-2.15317838012025
2.38804267349217
7.4947234182355
-5.96604859885962
3.14008423538402
-5.239280311212
-9.62977724131768
7.78941480906144
1.66470419629954
-6.6694895841026
-1.80874804566243
1.25710512845898
14.809484972277
-5.39514660094342
-1.47182135684264
-7.23295235781298
-2.45489438546232
0.57034560860065
7.52753313040147
-3.0816252709015
2.17457428572134
6.47338777246968
-3.84979013084229
1.38108770750144
-3.76401444387056
-3.92448510428456
2.21310856708287
-10.3366810067454
0.864963043159152
2.26329712133762
6.77640955986138
2.49129442441331
-4.33126003474802
6.69721703378193
-1.90813963978886
5.11124794371235
0.487357882543167
0.196075992414736
-1.52815823159354
2.72083044011033
5.04953671587529
-2.30581718301461
3.51055754126623
1.11288570476475
6.54959136493322
2.43183766915582
0.395875441978693
-2.16817823777216
-6.18840922493509
-12.7010886413286
2.88142428825217
-1.47799653924615
-0.581359634560121
-1.88740807117007
0.550940846517903
1.57277921528326
13.4282812068135
9.9418179876094
1.02228719574275
3.01766194112519
-1.53659657122682
-6.15716668783706
1.78605009697704
-8.4949045145936
-3.15191360676569
5.51654779285457
3.57795207496391
0.485217724096649
-9.58631628744142
2.61992259352758
-5.65905491166332
-2.10795022127698
2.21363934080469
12.4981620159814
-0.117813997075823
-1.55292531874614
-1.93610197919994
2.60812037789003
7.79120183281204
0.0281079894389715
-5.88172337305797
-2.81473891571724
3.06636099115587
2.05262454429197
-6.25189189949055
-6.61883825199325
4.64883662758107
11.8756901656738
1.48213668795501
-10.3575217898267
0.221761142832163
6.95289691340813
-5.90317763075073
-0.686396695500027
6.8350019059388
1.92980758950799
-7.22767299119678
-3.6242228188299
5.76733342083062
4.24108971845689
2.1814861357073
2.10870861879199
-2.69043846070685
4.12434971597104
-3.10278465352261
1.46650221264887
1.62201589611189
-8.3057685435219
4.33467159181455
6.91702960885844
-9.69984851163287
-2.74446526411755
-6.1467108906109
7.92203064356048
-0.374346298628267
3.97445509132791
-4.28288376404729
-4.69543920000021
2.46994671584474
6.9104790858906
-3.43073368117156
11.7317697006751
-0.872431764341459
1.89245873881707
8.26488583549365
-1.31216973515306
-7.57500953151525
-9.8275530178263
7.6861982550922
0.107083944924105
1.17284063838169
1.2303274060285
-1.90861777727093
11.0870536869272
-1.3919655962354
11.4007291942142
-1.66892546710848
-6.95120624751603
3.84812936608647
2.30732019616823
-6.36891565408694
0.399734844740723
6.19909586937196
-1.04866028723358
-5.74565668357875
-3.98284257065609
3.48294124780026
-0.851170795013285
1.59152548510418
6.79116394958913
-1.09086403402295
-8.33065410936503
-1.82823108624498
-5.72519627806772
-6.96503429433065
-0.0990917990335491
1.0484115020838
-1.00449610397335
-3.68771967571391
-3.41948805705966
3.84760711070382
3.39768113038658
0.866472413120184
0.777400386411952
5.26973075183709
4.36574263197752
2.72471550669739
12.0824144297763
2.8056466999009
1.95380891580206
6.49187673300433
0.133979784055507
-5.72785975671767
-1.02477739256628
5.01404556539422
4.7315672878741
0.415984478424026
1.22991485132476
2.54077859157694
-1.79342264531553
8.8281533730748
7.42588854491439
-1.99922241407069
-6.45893626062633
0.16472859255087
-1.94205465553514
3.787330563408
0.910699732402303
-2.33912252869087
2.30474652703751
1.74316039704771
-2.38040540275064
4.61022436099491
1.42610938808785
-8.41560937190977
-5.12824152586485
-3.16652678336705
2.95025198617904
-3.40629003484717
-1.32991693787813
-0.198937879337619
-2.14908412291923
1.36524051784576
-2.20127880402594
-1.12790646464295
-5.57951550899767
-0.708938366786916
2.24783753275675
3.89909281557139
-3.86418822519787
-9.83416271248921
-3.4884056501062
-0.413325487185272
2.41935664032892
-3.05665788376584
-5.87014931998805
4.4823398130604
2.47020020066202
-0.953125544819158
-5.86478814008648
3.09620634731165
2.76353634295541
-5.80614809663993
-7.51572775050938
2.1267171400188
-3.55350893430328
0.577452593470276
1.41716446377898
0.87507828907772
5.23074065877756
-7.16628950037572
2.04167134121912
-2.86263743173267
2.53786769020498
-1.83353817346376
0.345908060884398
2.64225333790754
-18.1807261935602
-1.68524345630124
3.08856381600881
-2.11994355572688
5.55259216989851
3.08470142304978
1.91216682701487
4.59162303444105
-1.09133746228185
4.69419653839999
0.679844254686803
7.83314850647216
-2.64443402415608
5.03601349794004
2.77756965425278
-5.7454029567984
0.998129175288832
-6.80406768069626
1.17736847686931
-6.26638780448429
-0.296518887376808
-0.22872320871214
2.0641482365908
-2.5786121236699
5.26024702251011
-3.53366422970183
-3.84564944029951
-2.88089819529515
5.24596793117669
-7.30059234697184
-8.42331897585107
-1.33363807174738
-0.575462161064062
6.65424096647634
-4.4411317685609
-3.09336988351822
-1.4738299314265
-1.43405270118293
-13.3074379365016
1.63275664227069
-2.13278268454782
0.520199248845239
6.7869995488323
7.46008477849895
6.92880259255534
-7.70925619632214
4.03930146529312
0.371969272763081
-4.70057585112776
2.19919664248771
-0.904689056886807
0.208493355516725
4.1037694476108
3.61086240916301
-8.17855615491665
3.75645224037677
-9.23782454040779
11.8464282090939
1.44590881115777
-4.05213745036947
-0.743611210456786
-8.33801146242669
-13.4674034973559
2.69683584460479
4.29142469476385
-7.80277047991403
-6.39488447763713
-9.71436021979892
-1.01398334874795
-3.26495062276749
2.73016064459132
-6.94479736958543
4.13644234751121
8.03518969900881
0.156740522889476
6.86975639273837
0.940798430617286
12.8838863024362
-6.85921570466539
-4.92024488896183
-1.13944531901826
5.91054076558219
-1.88886549719529
-1.91312091462451
-4.42178970947551
0.476509402276841
-4.12663684517967
0.874107198410183
-2.94278194664672
-3.40642348289742
2.95187912350388
-2.6425668662904
-4.30327505575292
-1.1155524281169
3.9267593178536
1.12098099118366
-1.58056248879431
2.28877949794374
-9.09042109332923
5.70666005886357
-3.51047069630984
10.698697548439
-6.89538128530369
0.311676180115225
-0.855369161503111
1.29626632295038
12.8962842827365
4.453892272206
4.92863042536311
-4.5082160745945
9.63098763025581
-3.19920820485598
2.78037607898091
5.88810131840309
3.72748821503974
1.48218137559134
-14.0936050520249
-2.00504280490377
3.6512112681544
1.41712406714673
-2.79304812969785
-2.88664592658803
0.116665394629753
3.33071077290066
-0.234862430036561
2.18291627963274
0.769753823802698
4.89845890654271
4.53852664521477
-2.09899810974171
-3.65485719903544
7.31850134104969
0.634541115950995
3.0185912772837
-1.09432220990851
2.60979300151588
2.21614357001531
-7.3779474891149
-2.84837477568534
1.2145812335894
-4.86258750773759
-1.59908662402026
-3.0056017345299
-4.53919404156442
0.186320911526336
-9.87855565233593
8.18070829990967
-4.72564249682402
2.85683788936327
-3.95384663609855
-1.38708842336257
-1.05229931513138
5.12118853108313
-3.24652157010346
7.61788127122695
1.30283935626636
-0.0324323249838203
12.4165713544848
-3.71448999603634
2.16644363657785
-4.34285455056041
2.50164729628739
-3.9448086409954
-1.72546776373809
5.56925306288989
-4.17109684409526
3.28519195090645
-5.59855321864958
1.80099515420737
-2.19603876433693
-3.72133136737516
-3.67095815873062
1.20605930712742
3.66776015426571
-1.67213921654585
6.23428438303574
0.231384985293285
-1.0678565205084
-4.62919660398476
9.1296118398605
-12.6607751666622
0.206026734798487
-2.53766755995644
-4.86145950850683
-4.91673815222434
-2.89036540516024
-4.59785305495699
-1.02816855230688
3.29960334441734
2.81965905764025
-0.0802333907788494
-0.108499206404698
7.39742940970408
-6.43060475308981
-5.13421139363681
4.67067913589033
6.56064182390582
-3.94902816098755
-7.45052183765246
7.29235256660051
5.14877172331908
2.23431275119804
-1.97893267163955
8.92056680472596
6.30058118534477
-1.52228022112265
0.031368641508246
-2.60458771007308
-2.69060029020486
-2.73344436350634
1.69307824158044
1.67529585318148
-3.65637613227332
6.67195296871987
5.66311079287345
-1.27506962193896
10.0424375096505
11.2145426112851
-4.96376751947699
3.28164952417225
-10.260437024978
-0.132926825970732
3.11689957934406
-5.51911896230804
-1.11719662624643
6.48362259658569
-0.775976422513741
1.90642587168674
1.41152875680198
7.65411577136412
-0.442335690080875
10.595765964303
-0.0832864568412492
-7.5961611043808
-12.6813723515117
2.93970007684446
4.66470277107
5.47661337694532
-0.452818979645445
3.43521844953021
4.11999269786437
0.932258711137564
1.92082751416595
-3.37565577202279
2.94345529252443
-3.903688980053
3.15183415722164
0.884072412131633
-4.3170317710693
-8.2293449381392
5.02174369344618
2.87687765140376
-7.95652878348705
0.957767070731332
6.39466886546311
-7.52148887536534
-2.18324157388987
3.71244896085082
2.90647097005196
1.24922230059211
0.394554570163527
8.21252218254429
-0.940661807410475
-2.73037393770026
-2.61179784619317
-2.6813588763613
0.97284987554782
-3.66242791067309
-3.62439191543116
-4.0550569881262
-6.02023764826587
3.80420742826369
0.0541922005332263
0.850742935848778
-2.97648872901411
6.23093754086243
-0.577325177086527
-3.15200006422885
-2.32192984939596
4.22227307694784
-3.51267947266088
7.13317444113746
-4.24388491808853
-3.33849646075207
4.32061380222514
-8.51907937945544
2.64685863483114
-8.56752645797959
-3.63997893689309
3.46002371453878
6.0655712862266
7.93872664927899
-2.31059786433967
4.45131276006324
-0.142520227380907
2.66460859403874
9.5437604194844
9.94346340177747
7.95451744378386
3.55478775064724
-5.72532373778531
0.294307902021427
6.92793373509755
5.75095431564932
-2.46880398630424
-1.02455165620297
-2.67287521613044
-2.45968756954532
-13.2267219261107
0.640178211605587
-0.468762065717012
-7.13343804726488
-0.903329517757072
-3.18885664062216
-1.11245934328017
-4.06036317291912
-6.38470962687649
0.283088032857393
-2.58354514233286
8.17497003244669
0.36614135963714
-3.02493781900401
-4.8557836104154
0.760978241399383
3.09127704232833
7.65285610418697
-0.252699049340348
6.0489694405852
2.34614628851943
-3.99987056068045
0.545110137399469
-9.21738464137371
6.76998952686851
1.30146832605923
0.512216526936547
-4.74524561457876
2.03627222389258
-6.09742776196766
-5.0992817291576
5.35263100932974
-8.30131023705292
-3.73645262968781
-1.62128758710728
4.08656452185126
9.3739528805109
-0.850466594499459
-2.4410495599958
-2.94765314101749
3.39832187214436
6.17572950501535
-1.0143622550465
-3.16773498912892
2.83365523300938
-0.170403929984074
7.45173618306417
-3.92426359508487
1.34499687062966
-1.86740046227528
-0.304292698565598
3.92391843434847
-3.60464983968099
6.61634697887451
2.58966649742861
-3.8601281100818
-2.11722803366656
-0.769256285608463
3.80721093706232
-4.48830251403613
8.71159418814956
-5.3281519529963
5.55893457037956
0.575074720487239
-2.50007607308201
5.31110326310719
-6.22848595696171
-4.98158864397756
5.05813552084561
3.55642217487306
-7.06585069980134
5.1678279362893
2.12501235298788
0.287080160938152
4.49324802436287
-1.02937710196506
2.06083927469489
1.00102229535001
-7.90993718465606
0.040764801699213
-0.174664168516646
-5.76720183258706
2.30194012844399
